Sample d2 values. Average (d2obs-d2prd)^2 = 1.34554e-06
rec.rate_c	observed_d2	adjusted_d2
0.148248	0.066297	0.0651208
0.101803	0.073132	0.0719904
0.072247	0.07882	0.0807582
0.05597	0.086197	0.0891532
0.041013	0.103651	0.101734
0.028953	0.121714	0.119119
0.022402	0.134635	0.134451
0.018281	0.148388	0.148361
0.015443	0.160851	0.161197
0.013372	0.170688	0.173104
0.011791	0.183412	0.184208
0.010545	0.194279	0.194574
0.009538	0.204093	0.204261
0.008707	0.213159	0.213324
0.008008	0.222204	0.221833
0.007414	0.230125	0.2298
0.006902	0.237902	0.237285
0.006456	0.245454	0.244327
0.006064	0.251469	0.250961
0.005717	0.258854	0.257214
0.00527234	0.266175	0.265804
0.00476931	0.276124	0.276388
0.00435351	0.285703	0.285919
0.00386138	0.297316	0.298236
0.00334272	0.312079	0.312608
0.00294777	0.323772	0.324649
0.00251647	0.338667	0.339043
0.00209282	0.354959	0.354631
0.00168662	0.370774	0.37114
0.00121996	0.393125	0.39233
