Ne averages over 40 independent estimates.
Generation	Geometric_mean
1	87.4605
2	87.4605
3	87.4605
4	87.4605
5	110.202
6	112.501
7	112.794
8	112.845
9	105.702
10	102.869
11	101.179
12	100.116
13	92.6519
14	88.4091
15	85.6749
16	84.5377
17	81.2541
18	80.7918
19	80.1952
20	79.8685
21	79.9551
22	83.7367
23	84.9353
24	87.1043
25	95.6229
26	105.958
27	119.513
28	123.212
29	127.032
30	131.827
31	136.239
32	138.11
33	142.755
34	147.427
35	151.6
36	157.763
37	162.121
38	164.59
39	172.941
40	175.476
41	176.362
42	180.542
43	181.37
44	179.274
45	177.381
46	175.134
47	174.904
48	172.459
49	168.328
50	158.404
51	151.833
52	141.044
53	135.962
54	133.342
55	130.848
56	128.723
57	126.528
58	124.577
59	120.583
60	118.532
61	117.025
62	116.268
63	114.865
64	112.623
65	109.188
66	103.261
67	97.2893
68	92.9823
69	88.2946
70	86.8622
71	82.9882
72	81.6187
73	80.3757
74	78.2326
75	75.6129
76	73.3953
77	70.2881
78	68.9701
79	67.661
80	67.3169
81	66.4346
82	64.5465
83	65.0476
84	64.867
85	64.4446
86	62.5327
87	60.9513
88	58.272
89	57.3413
90	55.0901
91	54.6123
92	53.1215
93	49.9807
94	46.8037
95	46.3342
96	46.1406
97	45.6798
98	45.1372
99	45.055
100	45.6994
101	46.0408
102	46.6718
103	47.2798
104	47.7314
105	48.4728
106	49.4047
107	50.6651
108	51.2702
109	50.1788
110	49.8812
111	50.4254
112	50.0776
113	49.7057
114	50.542
115	51.4866
116	52.8111
117	53.7297
118	53.1173
119	53.1519
120	53.7709
121	54.5457
122	55.8591
123	56.3288
124	57.1898
125	57.9239
126	58.9361
127	61.0233
128	62.6483
129	64.0246
130	64.9301
131	66.3435
132	67.0383
133	67.2036
134	66.9097
135	66.9701
136	67.3996
137	67.3956
138	68.2164
139	68.609
140	68.8425
141	69.8855
142	69.939
143	70.5549
144	71.3488
145	74.0631
146	74.0925
147	74.005
148	73.9302
149	73.6811
150	74.4374
151	74.6314
152	75.3413
153	74.9482
154	75.249
155	75.8721
156	76.0701
157	76.327
158	77.1106
159	77.8144
160	78.423
161	78.6745
162	78.4518
163	79.0972
164	79.2472
165	79.4598
166	80.0813
167	82.5315
168	82.5059
169	83.3056
170	83.2428
171	83.1574
172	83.2166
173	83.7359
174	84.2384
175	86.6615
176	88.488
177	89.3076
178	90.1023
179	90.5911
180	90.8223
181	90.5664
182	90.8774
183	92.7407
184	96.384
185	103.846
186	105.116
187	107.031
188	109.736
189	113.093
190	114.933
191	115.229
192	117.484
193	118.327
194	120.175
195	120.722
196	122.804
197	123.138
198	126.657
199	128.491
200	128.971
201	130.347
202	130.036
203	129.881
204	129.909
205	131.694
206	133.878
207	134.387
208	135.317
209	136.307
210	135.695
211	135.638
212	135.135
213	134.601
214	134.675
215	135.85
216	136.955
217	136.843
218	137.532
219	137.794
220	137.299
221	135.939
222	134.604
223	133.915
224	133.306
225	132.911
226	132.894
227	133.305
228	134.731
229	136.641
230	136.556
231	136.362
232	135.778
233	135.68
234	135.579
235	135.024
236	134.158
237	133.869
238	133.097
239	132.797
240	131.634
241	130.878
242	129.429
243	129.057
244	128.743
245	128.67
246	129.603
247	130.374
248	130.706
249	129.953
250	128.875
251	128.448
252	128.71
253	128.88
254	128.867
255	129.039
256	129.032
257	129.41
258	129.489
259	129.444
260	130.215
261	131.154
262	132.008
263	132.77
264	133.399
265	133.641
266	134.396
267	134.632
268	135.248
269	135.23
270	135.196
271	135.092
272	135.027
273	135.281
274	135.398
275	135.789
276	136.023
277	136.116
278	135.95
279	135.843
280	135.564
281	135.564
282	135.38
283	134.815
284	134.837
285	134.748
286	134.667
287	134.732
288	134.837
289	134.85
290	134.92
291	135.098
292	135.003
293	135.048
294	135.048
295	135.048
296	135.048
297	135.048
298	135.16
299	134.937
300	134.925
301	134.211
302	133.998
303	133.761
304	136.31
305	137.699
306	139.097
307	141.916
308	146.071
309	146.042
310	147.284
311	147.377
312	146.806
313	146.672
314	146.492
315	146.487
316	146.411
317	146.436
318	146.542
319	146.616
320	146.663
321	146.426
322	145.288
323	144.339
324	143.212
325	142.705
326	142.363
327	141.474
328	141.13
329	141.247
330	141.882
331	142.286
332	142.324
333	142.328
334	142.179
335	141.927
336	141.794
337	141.326
338	140.222
339	139.28
340	138.75
341	138.92
342	137.912
343	137.647
344	137.168
345	137.675
346	138.19
347	138.476
348	137.978
349	137.571
350	137.298
351	137.076
352	137.055
353	135.862
354	135.221
355	134.822
356	133.845
357	133.066
358	132.427
359	130.973
360	130.328
361	130.289
362	129.561
363	128.859
364	128.524
365	127.642
366	127.423
367	127.148
368	128.463
369	128.12
370	128.305
371	128.055
372	127.934
373	127.946
374	127.503
375	127.303
376	126.728
377	126.276
378	125.733
379	125.439
380	125.504
381	125.625
382	125.48
383	125.528
384	125.504
385	125.717
386	125.943
387	126.144
388	126.251
389	126.386
390	126.496
391	126.654
392	126.83
393	126.804
394	126.945
395	127.052
396	127.419
397	127.859
398	127.854
399	128.141
400	128.07
401	127.04
402	127.076
403	126.757
404	126.634
405	126.568
406	126.452
407	126.293
408	126.058
409	125.699
410	125.036
411	124.888
412	124.629
413	124.847
414	124.817
415	124.765
416	125.066
417	126.395
418	126.791
419	127.165
420	127.528
421	127.687
422	127.499
423	127.212
424	127.053
425	126.651
426	126.671
427	126.671
428	126.356
429	126.112
430	125.559
431	125.083
432	124.316
433	122.922
434	121.276
435	120.868
436	119.309
437	117.416
438	114.21
439	113.26
440	113.26
441	112.292
442	112.344
443	111.873
444	111.832
445	111.536
446	111.647
447	111.664
448	111.917
449	111.959
450	112.246
451	112.494
452	112.834
453	112.889
454	112.884
455	112.897
456	112.814
457	112.9
458	113.133
459	113.327
460	113.489
461	113.713
462	113.545
463	113.434
464	113.085
465	112.933
466	113.131
467	113.149
468	113.159
469	112.793
470	112.647
471	112.207
472	112.178
473	112.108
474	111.966
475	111.698
476	111.656
477	111.536
478	111.397
479	111.397
480	110.876
481	110.357
482	110.208
483	110.208
484	110.208
485	110.208
486	110.208
487	110.208
488	110.208
489	110.208
490	110.208
491	110.208
492	110.208
493	110.208
494	110.208
495	110.208
496	110.208
497	110.208
498	110.208
499	110.208
500	110.208
501	110.208
502	110.208
503	110.208
504	110.208
505	110.208
506	110.208
507	110.208
508	110.208
509	110.208
510	110.208
511	110.208
512	110.208
513	110.208
514	110.208
515	110.208
516	110.208
517	110.208
518	110.208
519	110.208
520	110.208
521	110.208
522	110.208
523	110.208
524	110.208
525	110.208
526	110.208
527	110.208
528	110.208
529	110.208
530	110.208
531	110.208
532	110.208
533	110.208
534	110.208
535	110.208
536	110.208
537	110.208
538	110.208
539	110.208
540	110.208
541	110.208
542	110.208
543	110.208
544	110.208
545	110.208
546	110.208
547	110.208
548	110.208
549	110.208
550	110.208
551	110.208
552	110.208
553	110.208
554	110.208
555	110.208
556	110.208
557	110.208
558	110.208
559	110.208
560	110.208
561	110.208
562	110.208
563	110.208
564	110.208
565	110.208
566	110.208
567	110.208
568	110.208
569	110.208
570	110.208
571	110.208
572	110.208
573	110.208
574	110.208
575	110.208
576	110.208
577	110.208
578	110.208
579	110.208
580	110.208
581	110.208
582	110.208
583	110.208
584	110.208
585	110.208
586	110.208
587	110.208
588	110.208
589	110.208
590	110.208
591	110.208
592	110.208
593	110.208
594	110.208
595	110.208
596	110.208
597	110.208
598	110.208
599	110.208
600	110.208
601	110.208
602	110.208
603	110.208
604	110.208
605	110.208
606	110.208
607	110.208
608	110.208
609	110.208
610	110.208
611	110.208
612	110.208
613	110.208
614	110.208
615	110.208
616	110.208
617	110.208
618	110.208
619	110.208
620	110.208
621	110.208
622	110.208
623	110.208
624	110.208
625	110.208
626	110.208
627	110.208
628	110.208
629	110.208
630	110.208
631	110.208
632	110.208
633	110.208
634	110.208
635	110.208
636	110.208
637	110.208
638	110.208
639	110.208
640	110.208
641	110.208
642	110.208
643	110.208
644	110.208
645	110.208
646	110.208
647	110.208
648	110.208
649	110.208
650	110.208
651	110.208
652	110.208
653	110.208
654	110.208
655	110.208
656	110.208
657	110.208
658	110.208
659	110.208
660	110.208
661	110.208
662	110.208
663	110.208
664	110.208
665	110.208
666	110.208
667	110.208
668	110.208
669	110.208
670	110.208
671	110.208
672	110.208
673	110.208
674	110.208
675	110.208
676	111.566
